66 84 75 71 68 87 66 75 71 66 80 75 67 72 72 87 76 84 68 
82 71 80 82 79 70 90 66 81 76 76 76 79 69 85 86 72 84 86 83 
89 87 72 76 88 78 82 86 90 77 88 81 82 79 72 72 84 74 72 76 
86 83 86 74 88 82 70 71 77 67 88 76 88 69 88 88 83 79 83 82 
67 83 72 84 71 81 67 89 66 76 74 86 68 71 70 67 90 76 73 76 
77 70 88 77 76 85 76 68 73 70 87 77 87 68 70 70 85 73 70 85 
83 79 83 87 86 89 89 85 74 71 71 87 77 70 75 87 90 85 67 74 
90 88 85 86 90 66 67 87 74 72 83 68 85 75 90 82 75 90 77 85 
70 84 82 83 88 66 80 87 88 81 73 87 80 67 84 81 68 86 77 78 
67 70 80 88 81 81 79 66 80 67 85 86 87 78 79 85 81 70 83 78 
87 67 74 76 69 67 66 73 87 78 85 90 84 76 87 76 67 78 76 83 
81 73 79 78 85 67 74 75 73 68 87 69 70 72 81 75 74 81 82 72 
70 78 72 90 90 70 76 68 84 88 86 75 72 74 89 67 77 72 78 84 
76 77 89 80 83 79 66 68 69 84 77 76 71 85 75 73 89 87 75 85 
85 70 69 66 80 67 69 66 75 84 84 85 72 84 77 89 72 77 69 78 
71 80 88 78 76 74 87 76 71 72 70 67 76 75 69 66 78 75 68 87 
68 89 84 76 82 72 76 66 85 79 78 67 70 77 82 80 85 78 68 67 
84 72 70 72 82 74 74 69 85 76 68 89 76 88 74 68 71 84 68 90 
75 82 67 79 68 83 71 89 70 73 68 66 81 72 74 72 82 82 78 76 
69 82 74 80 81 84 84 86 78 88 85 87 81 88 77 83 82 84 83 87 
66 85 89 82 67 72 90 85 90 79 71 68 72 81 84 87 77 79 82 89 
76 79 87 66 76 75 85 70 69 80 68 71 74 66 89 77 74 66 72 73 
79 79 75 86 71 71 84 82 84 76 82 70 66 78 72 78 88 69 82 68 
83 84 73 66 86 74 80 69 74 86 76 87 76 88 84 81 68 78 73 86 
90 89 67 90 79 76 77 76 79 71 80 71 89 87 73 87 72 87 90 80 
84 76 77 69 73 72 87 77 84 69 72 83 69 76 84 82 86 73 69 76 
78 83 83 78 82 90 74 88 89 74 78 84 86 66 90 70 74 86 81 68 
66 89 87 69 76 83 88 73 90 66 83 77 86 75 66 79 77 77 78 75 
87 90 70 82 67 69 88 76 66 80 80 68 80 78 74 66 70 71 73 69 
73 68 82 68 77 85 83 90 71 71 76 67 72 81 85 74 86 82 86 89 
71 77 66 87 89 74 87 69 79 72 74 89 76 68 68 89 87 86 89 69 
66 74 70 74 66 89 82 87 82 79 87 89 90 87 85 66 71 84 71 86 
67 81 86 77 83 89 75 81 86 73 84 86 84 88 71 84 88 88 82 79 
78 78 77 80 77 74 80 84 67 87 79 68 77 77 79 70 75 90 87 70 
75 81 67 68 80 72 88 78 71 82 68 86 71 80 75 82 88 66 75 66 
87 66 68 73 77 83 79 88 82 76 69 66 68 70 70 82 78 70 71 86 
88 74 81 68 90 90 87 87 67 73 87 88 75 66 72 88 83 86 85 76 
73 88 79 77 69 85 68 84 89 76 79 86 84 69 66 85 70 89 81 71 
71 79 68 83 81 74 80 75 71 77 85 80 76 75 66 82 70 71 75 68 
83 88 66 76 66 68 70 70 66 87 77 73 77 79 90 69 89 82 78 72 
68 74 86 80 84 89 71 88 69 80 67 86 79 67 73 79 71 79 85 73 
77 71 81 90 86 82 68 85 75 80 66 79 88 88 69 83 86 74 80 66 
66 82 88 79 85 72 68 66 85 89 73 73 72 90 72 67 82 76 88 68 
90 90 82 90 88 85 82 85 68 74 86 68 90 85 84 84 67 86 86 88 
86 69 71 69 68 79 73 